Epoch:10
AP_50: 0.9888975737237996
AP_m: 0.6899402026354687
mAP: 0.8141601651431849
AP_l: 0.8194178699281479
AP_75: 0.9589303031934837
AP_small: 0.9252475247524753
